5555112756
0228565574
3440720010
0799026746
5055464616
8217990570
4751037950
1475935662
8231571551
9008876438
5893013143
1685055999
9421045240
5383366771
0959296558
0627742530
8443508542
6076992743
3859363938
1732125371
6249633524
2011358140
7752680992
1881262060
6387222419
1524149037
2570325596
7030362903
3517660441
0009922080
5473382032
4339497881
7955634548
0502250469
6961192980
0670699523
4683122190
9056580077
4153361693
2157401354
1733251203
3644257253
8659587998
7435362620
3132909723
7976424449
9201387656
9105312964
3085981612
4950313242
6685807182
0953001332
2038373624
9219647628
4154901704
5157397463
7914322344
6518208568
2710046553
9010109828
8597816826
9478499291
8377313174
4063559081
5955120736
5754135383
3916187644
1765854298
1568059798
7553789029
0929794134
8935792728
7321852682
1452619190
4055696805
3990252183
5996567650
0980201718
2062953086
8105585397
7052797232
5499388065
8422071679
0580848867
8518784285
2035111737
7011036748
6101671401
6981223548
4846158480
6124833665
8661444206
1654428094
2570092120
1454960778
3164651034
1243252853
0989881395
6450783293
3322078896
6957862076
3396984466
3630645459
3603275243
9513148740
4394240046
0568374125
6977878954
8184960309
6584417791
9450892398
9733819747
7330459314
3199285930
6048982409
4860462654
9489651521
1014397341
1488206868
0022327279
4053132594
2718301534
9387441070
6144246956
2588229721
2674111151
2855319983
7016465931
5592882344
0684413672
9324977600
1638682432
0709374938
5391067471
7174554660
5126677477
1522047650
9244784182
4937835947
1484265572
2742922529
0484768457
3343910700
4820592652
5669315989
0860393292
9956763936
4369459926
7745900954
5652035360
6825812555
8325334562
4845560023
5439275544
2036925470
7255103113
7900703105
9105351893
4379409013
0705655086
9251896588
0383975176
7847861502
8704374728
6158208849
0279421164
8165233420
7595062575
0615003232
0014495767
6067175041
6370097208
9357373205
4400825538
6747748774
2770642921
9533693107
4411746459
7140636165
4870825975
6140140289
4060107326
1405202327
3254025019
3620763902
9626530644
9070809751
3913150830
5460027569
3649790438
8502381281
6474706782
8141019977
9103748545
3212064722
5592704593
3878605465
4064652929
7113921620
5230105383
9330044786
3260082616
5618095864
6403762954
9279379150
6353838491
9367377854
0289746594
8799322632
0933686748
0957568797
3037400358
6970120671
6706721242
9396898805
5659541232
4333870494
0990912298
6265127666
6816487579
6926391122
6160779258
0439634280
6708587201
2676406559
6713736738
4775077089
7573642511
8010569434
0055657935
9195718650
0945649753
1527864046
6849719504
4812581461
8239006346
6283720498
7462942530
9673174813
1249911329
2637800056
3973206487
4455469112
2472545504
0554904820
7580817305
2614198801
0168543131
0743018288
6008175881
3911712918
4817641611
5262581889
5155196836
0262344251
7428625389
4204080929
8402854471
9383776150
1342428207
6364868641
9038585988
3904842619
4447799071
4710088239
5948614019
7636391751
2433170239
2564985568
5988289645
6773094085
4303304943
6797273583
7537079738
9271863830
0516405795
2276510680
9352431900
5660733793
3084163311
7523872003
5063391769
4742889974
5112385227
1528931077
8843901141
2110177817
3835203021
9519349430
4111601725
6660686416
8057777992
7694264923
4986849436
3192895177
5434169964
0202139926
8585566661
7484939124
4724004375
3533681519
4564934177
0743527825
4843990402
7056670075
1064156231
4351863621
6883317898
3718555462
9995615536
6047103291
7284211138
9486030695
9265903227
3421508987
1237368819
1754297273
4727432867
8106071460
2060656757
3512110434
2145020489
1060841559
0650864746
8887369527
8010097721
5273487320
4874638878
9161066968
9282069970
1725448547
0374311399
7338784620
3113600227
8296914689
0995686196
8227864875
0462945717
5055172423
1938611389
0195369017
4995270488
3665161222
4594959769
2196207351
4250102789
3323346817
3358812281
4984714948
5128081170
9878658247
7817030062
2310573708
8292061290
8668805756
7847635334
8909154565
9527348183
8285679827
8553236833
9552273879
0610220125
4995449293
2732621587
6917939859
0332617368
6902596664
9544216697
9572115128
9909371648
0271287713
0260407524
8503731728
2483325497
0982250707
5455530455
8405489341
3402409547
2564019505
2706863462
5004295913
6106991825
5203561006
0657940282
8453465150
9453425309
2733753899
6723094756
9851455709
9481948685
6327746800
6741216502
8649265218
7750037782
8340812227
4468279634
8198845781
6627638474
4125380607
1651348679
1134034765
5695232240
6554351351
4692143262
2065661521
4726707981
2991973758
2196071223
9804386999
2134421958
3148120769
7248114749
8504811656
5653600445
6039418256
1475195209
7367014068
9123608082
8905825954
8559787585
5482592491
8228515565
8689226895
8791263820
8033745087
6834718665
2294101170
6437585641
4644553118
8405691313
8712096460
3685837820
7203860216
5797660383
5526867502
4806993254
4366901027
5840033905
9625492220
8827819998
6689759094
8404835926
3272239329
2956661160
7548349946
9027414379
8423578365
4964914338
4128419059
4015608659
7426436071
3653608838
6186949895
5401611337
7670107705
2091361680
7332548101
2335770332
8136071491
9937353696
5462041884
3200629369
4847608109
0295520659
2130616362
5961210790
5895464037
9742032470
7346062071
5871659157
0783701368
0083291987
2839898170
7396037426
7394258119
2857953915
0852807609
6484676255
8709915789
2146051802
6351112114
4439263180
0282582181
6095768363
4482245621
8727285467
4391107071
9106874915
6129587107
3943271409
8844749635
7468026495
9627153854
6759913605
6120525940
3980334129
5127886083
4696071824
9787645834
5245178985